0 0.929266 0.614424 0.081828 0.088403
0 0.979652 0.583576 0.040695 0.067208
0 0.936520 0.690840 0.082867 0.090236
0 0.811437 0.680715 0.083391 0.095764
0 0.677742 0.963208 0.104703 0.073583
0 0.682594 0.718722 0.086672 0.124500
0 0.674625 0.582514 0.062406 0.071500
0 0.522082 0.692215 0.065180 0.113403
0 0.399703 0.658937 0.070031 0.130653
0 0.285648 0.780354 0.079047 0.161486
0 0.285980 0.630833 0.046430 0.077028
0 0.274180 0.588194 0.039078 0.055028
0 0.330082 0.546236 0.042555 0.059139
0 0.445957 0.573750 0.050680 0.068778
0 0.547125 0.586819 0.070406 0.103167
0 0.591648 0.534889 0.045656 0.052972
0 0.608391 0.472847 0.046453 0.053722
0 0.660594 0.469521 0.046953 0.040847
0 0.535582 0.436222 0.036211 0.030194
0 0.498988 0.482396 0.046461 0.046181
0 0.443164 0.463521 0.037719 0.037736
0 0.472266 0.425562 0.045953 0.042625
0 0.375977 0.414681 0.023234 0.029750
0 0.391461 0.441319 0.032719 0.038639
0 0.342758 0.487278 0.041719 0.057722
0 0.237930 0.523326 0.036781 0.051708
0 0.203316 0.476069 0.033773 0.047556
0 0.240434 0.465931 0.036445 0.038111
0 0.263672 0.447472 0.037453 0.044000
0 0.313832 0.417215 0.028086 0.030903
0 0.263172 0.410944 0.023734 0.028000
0 0.237258 0.400868 0.024750 0.027931
0 0.190277 0.396944 0.019055 0.021389
0 0.212512 0.435882 0.032102 0.031514
