0 0.918477 0.659743 0.095469 0.102681
0 0.871141 0.930417 0.145203 0.139167
0 0.664969 0.965361 0.111516 0.069278
0 0.597582 0.823757 0.092258 0.139764
0 0.660957 0.692549 0.090648 0.111236
0 0.766449 0.634069 0.075414 0.082722
0 0.647719 0.564903 0.054547 0.061333
0 0.629281 0.512493 0.050234 0.053403
0 0.703086 0.501444 0.053859 0.060778
0 0.496949 0.628049 0.061117 0.100375
0 0.531910 0.584778 0.053352 0.063528
0 0.400875 0.675931 0.058531 0.105889
0 0.370574 0.589840 0.047648 0.064458
0 0.374980 0.519396 0.042992 0.052486
0 0.443605 0.504208 0.049727 0.066306
0 0.309461 0.520778 0.041438 0.049722
0 0.543602 0.500979 0.045266 0.055014
0 0.542977 0.456806 0.046813 0.045167
0 0.466906 0.448188 0.038453 0.041014
0 0.467242 0.420542 0.034438 0.023778
0 0.418254 0.433028 0.038117 0.040417
0 0.258090 0.478799 0.035445 0.043986
0 0.332988 0.484451 0.041461 0.046958
0 0.379469 0.480583 0.040797 0.040417
0 0.346031 0.424111 0.030766 0.029722
0 0.349711 0.403604 0.027422 0.024375
0 0.262773 0.416681 0.020063 0.022000
0 0.297047 0.416083 0.029094 0.031500
0 0.217465 0.405389 0.020398 0.022000
0 0.236188 0.403306 0.017719 0.024972
0 0.188539 0.393201 0.017391 0.013069
0 0.174160 0.400035 0.016055 0.016042
0 0.249566 0.447000 0.033102 0.032694
