0 0.300973 0.649819 0.050617 0.092444
0 0.257289 0.548743 0.039516 0.067792
0 0.329398 0.539493 0.040906 0.061625
0 0.424738 0.562917 0.052695 0.078889
0 0.373426 0.511146 0.041602 0.051764
0 0.321773 0.476014 0.040906 0.043139
0 0.274969 0.488340 0.044375 0.040681
0 0.343375 0.433243 0.025719 0.029792
0 0.388457 0.429389 0.027461 0.031333
0 0.361723 0.412694 0.027164 0.021583
0 0.303348 0.421424 0.020805 0.018486
0 0.282828 0.403701 0.024281 0.021069
0 0.248871 0.402160 0.023992 0.023125
0 0.219684 0.394451 0.018789 0.020042
0 0.506945 0.429132 0.102594 0.089403
0 0.651297 0.442486 0.124844 0.106861
0 0.564887 0.477681 0.048555 0.053944
0 0.572402 0.522896 0.045086 0.049847
0 0.682219 0.501576 0.052016 0.050347
0 0.710684 0.551410 0.058086 0.058569
0 0.803008 0.511090 0.064609 0.063958
0 0.821387 0.555076 0.066539 0.061153
0 0.776699 0.655528 0.078539 0.083222
0 0.960602 0.611819 0.078797 0.096222
0 0.625242 0.866438 0.118094 0.166653
0 0.252336 0.948181 0.091156 0.103639
0 0.471934 0.972118 0.103586 0.055764
