0 0.866684 0.719458 0.091523 0.094917
0 0.455172 0.960500 0.114406 0.079000
0 0.395164 0.692340 0.060953 0.097375
0 0.734250 0.622083 0.066563 0.072722
0 0.742918 0.564153 0.056164 0.055472
0 0.771656 0.535799 0.052766 0.053014
0 0.621926 0.551201 0.052695 0.054236
0 0.502305 0.556222 0.049734 0.057528
0 0.560734 0.512549 0.044344 0.053264
0 0.652418 0.517875 0.047945 0.044750
0 0.664406 0.491778 0.044344 0.033028
0 0.507996 0.446500 0.117461 0.138500
0 0.428594 0.500826 0.043750 0.049014
0 0.368969 0.512549 0.045547 0.053264
0 0.267391 0.541875 0.038953 0.062917
0 0.288367 0.503493 0.037750 0.045819
0 0.347996 0.428382 0.034758 0.034097
0 0.437582 0.439569 0.028164 0.030889
0 0.241625 0.467271 0.035359 0.050069
0 0.206270 0.484847 0.032961 0.055389
0 0.222297 0.424646 0.031781 0.031042
0 0.193980 0.439486 0.020117 0.026139
0 0.217578 0.396507 0.028625 0.021319
