0 0.434348 0.939674 0.130570 0.120653
0 0.815969 0.928931 0.152328 0.142139
0 0.529047 0.726757 0.070125 0.104597
0 0.385988 0.627174 0.056414 0.094569
0 0.273965 0.602104 0.043523 0.073069
0 0.454094 0.589208 0.055609 0.075944
0 0.257844 0.548375 0.040297 0.051583
0 0.454445 0.519354 0.046250 0.053903
0 0.346418 0.488951 0.042992 0.051958
0 0.266133 0.479993 0.040312 0.048375
0 0.719598 0.599472 0.065383 0.068083
0 0.777629 0.560611 0.081633 0.089417
0 0.843980 0.561299 0.069633 0.071542
0 0.584105 0.528493 0.047148 0.054097
0 0.575914 0.480049 0.052156 0.054681
0 0.610020 0.471722 0.041461 0.041611
0 0.482750 0.471222 0.040578 0.047583
0 0.480695 0.438028 0.035187 0.031083
0 0.408031 0.434833 0.032891 0.036167
0 0.375770 0.441153 0.034148 0.034944
0 0.302574 0.412944 0.023852 0.025056
0 0.249754 0.397410 0.025414 0.023125
0 0.211816 0.396132 0.025898 0.027403
0 0.776719 0.423431 0.042484 0.046250
0 0.182094 0.386111 0.021641 0.020889
0 0.170523 0.394236 0.013438 0.021889
