0 0.262563 0.903507 0.116844 0.192986
0 0.285566 0.631382 0.055914 0.103819
0 0.475687 0.631382 0.055922 0.077319
0 0.624563 0.678417 0.079734 0.098611
0 0.438395 0.582271 0.051305 0.064097
0 0.543437 0.582889 0.057547 0.075194
0 0.379461 0.514472 0.044375 0.059167
0 0.327801 0.539743 0.038133 0.067792
0 0.291055 0.502146 0.039516 0.044375
0 0.385340 0.478729 0.036773 0.034514
0 0.463012 0.519403 0.054773 0.066556
0 0.231117 0.467931 0.031781 0.036611
0 0.229102 0.405861 0.020594 0.022278
0 0.273867 0.462361 0.035813 0.038194
0 0.324227 0.445653 0.038938 0.046167
0 0.269840 0.433319 0.034023 0.029444
0 0.236488 0.438493 0.033570 0.030236
0 0.254617 0.402285 0.023281 0.031042
0 0.298488 0.401882 0.027758 0.020681
0 0.370109 0.442076 0.024172 0.032625
0 0.339445 0.417000 0.027313 0.022278
0 0.464113 0.450819 0.034914 0.029444
0 0.406594 0.446049 0.028203 0.032625
0 0.516484 0.430931 0.044766 0.039000
0 0.551180 0.471514 0.047000 0.051722
0 0.616309 0.496986 0.049242 0.056500
0 0.660848 0.465549 0.047008 0.041375
0 0.699570 0.536368 0.053719 0.055708
0 0.779246 0.649778 0.085945 0.109028
0 0.840574 0.616354 0.073414 0.070819
0 0.735156 0.518069 0.053266 0.055694
