0 0.912898 0.598681 0.084422 0.074583
0 0.917820 0.548042 0.070438 0.056167
0 0.747160 0.575194 0.067852 0.062611
0 0.737578 0.495090 0.049719 0.053403
0 0.895777 0.453319 0.062320 0.060722
0 0.733906 0.798472 0.116484 0.165167
0 0.544617 0.733757 0.076266 0.109708
0 0.295008 0.774438 0.076266 0.136819
0 0.391039 0.635153 0.088062 0.193528
0 0.299512 0.596319 0.043680 0.071500
0 0.250285 0.551326 0.040914 0.048069
0 0.509020 0.560653 0.052305 0.063528
0 0.431848 0.511854 0.047133 0.065375
0 0.428996 0.568014 0.037289 0.061694
0 0.327746 0.540854 0.040914 0.057097
0 0.293301 0.504021 0.040398 0.058931
0 0.331629 0.488368 0.037289 0.047875
0 0.371250 0.473174 0.037812 0.041431
0 0.262227 0.481924 0.035219 0.046042
0 0.262227 0.454757 0.034187 0.034069
0 0.287863 0.436806 0.036773 0.036833
0 0.323602 0.420236 0.037813 0.042361
0 0.398180 0.410569 0.035734 0.037750
0 0.263262 0.403660 0.025898 0.027625
0 0.210434 0.402736 0.022789 0.023944
0 0.195414 0.388465 0.020719 0.021181
