0 0.559586 0.775382 0.080109 0.117653
0 0.434898 0.948063 0.121906 0.103875
0 0.503164 0.651542 0.073141 0.117639
0 0.280953 0.654646 0.055031 0.099069
0 0.263543 0.546285 0.041102 0.058208
0 0.324492 0.529569 0.048766 0.074306
0 0.243687 0.468889 0.034828 0.042111
0 0.314227 0.477312 0.040063 0.038847
0 0.383949 0.484257 0.042148 0.045319
0 0.204383 0.396076 0.032531 0.023514
0 0.272043 0.409958 0.027320 0.021972
0 0.303707 0.405333 0.027758 0.025833
0 0.324094 0.423451 0.027328 0.031236
0 0.348492 0.438681 0.027109 0.025444
0 0.389914 0.433479 0.031016 0.030458
0 0.460867 0.472389 0.037094 0.037722
0 0.485086 0.459569 0.033375 0.030528
0 0.556852 0.459201 0.032891 0.040903
0 0.614848 0.504125 0.048758 0.048389
0 0.622781 0.454167 0.044875 0.038306
0 0.633398 0.481806 0.044063 0.042333
0 0.764492 0.605104 0.066469 0.075319
0 0.825707 0.550174 0.069961 0.064958
0 0.835035 0.700465 0.082398 0.091903
0 0.972598 0.722299 0.054805 0.089514
