0 0.971891 0.712944 0.056219 0.096944
0 0.837109 0.618660 0.089891 0.074569
0 0.834414 0.548875 0.079703 0.073500
0 0.722051 0.549410 0.063523 0.076708
0 0.532086 0.678319 0.069516 0.106528
0 0.594371 0.531597 0.045211 0.051722
0 0.622578 0.500167 0.052375 0.052528
0 0.501551 0.552687 0.064867 0.072514
0 0.440355 0.580924 0.052164 0.064792
0 0.287430 0.596139 0.071172 0.163944
0 0.341266 0.543688 0.041391 0.061208
0 0.248414 0.520653 0.045266 0.078417
0 0.351129 0.473194 0.042555 0.063278
0 0.255086 0.457042 0.030969 0.034639
0 0.243848 0.430847 0.036461 0.033750
0 0.325773 0.418410 0.028969 0.028431
0 0.365484 0.435285 0.036969 0.037292
0 0.287004 0.404521 0.026117 0.026875
0 0.206941 0.400118 0.033383 0.023792
0 0.175500 0.391521 0.020156 0.019208
0 0.432301 0.424986 0.033227 0.033306
0 0.448160 0.459396 0.047461 0.047069
0 0.491371 0.459174 0.038961 0.035958
0 0.516348 0.439188 0.044961 0.041292
