0 0.607891 0.880194 0.110453 0.169972
0 0.688184 0.734986 0.092820 0.117167
0 0.462625 0.949590 0.116953 0.100819
0 0.271871 0.825743 0.078898 0.140264
0 0.274680 0.704472 0.060297 0.092444
0 0.378156 0.617000 0.057547 0.089111
0 0.478406 0.613701 0.059406 0.095708
0 0.773113 0.651653 0.077039 0.085806
0 0.767543 0.569965 0.067758 0.080847
0 0.814883 0.521285 0.062187 0.056097
0 0.634793 0.560806 0.055508 0.057306
0 0.556016 0.464854 0.054453 0.051958
0 0.498191 0.478618 0.041711 0.038625
0 0.594352 0.461743 0.033719 0.042181
0 0.397891 0.449403 0.033891 0.034500
0 0.427379 0.435604 0.039289 0.039153
0 0.325477 0.423687 0.032406 0.029125
0 0.318891 0.404313 0.022687 0.018764
0 0.265570 0.408340 0.023547 0.024514
0 0.239559 0.409472 0.023336 0.023806
0 0.190230 0.397403 0.020102 0.021833
0 0.238258 0.533250 0.036781 0.045167
0 0.271031 0.482125 0.040797 0.047556
0 0.307141 0.467861 0.039453 0.039222
0 0.756777 0.397604 0.036367 0.037819
0 0.968531 0.695069 0.062937 0.103167
