0 0.875352 0.641438 0.083203 0.080125
0 0.848656 0.693208 0.083891 0.085056
0 0.773426 0.865778 0.113711 0.149139
0 0.674969 0.960312 0.116484 0.079375
0 0.701316 0.595208 0.063789 0.069028
0 0.715879 0.510160 0.052695 0.051764
0 0.521059 0.658931 0.071914 0.117194
0 0.409629 0.674750 0.058805 0.107222
0 0.454891 0.600847 0.050297 0.074972
0 0.421809 0.539715 0.054164 0.076403
0 0.494551 0.546882 0.050133 0.062069
0 0.577363 0.484014 0.049242 0.054111
0 0.444414 0.464514 0.035813 0.040583
0 0.486832 0.434785 0.035836 0.036486
0 0.458512 0.449681 0.031211 0.038528
0 0.362703 0.438639 0.032656 0.037000
0 0.370941 0.408326 0.032367 0.025681
0 0.313434 0.424764 0.026586 0.029806
0 0.308809 0.402674 0.029477 0.024653
0 0.339008 0.544993 0.048266 0.061653
0 0.284738 0.686743 0.060695 0.110125
0 0.266254 0.583944 0.045211 0.063500
0 0.236906 0.520674 0.036969 0.052403
0 0.265379 0.485146 0.037961 0.040847
0 0.230285 0.450958 0.038211 0.038194
0 0.242727 0.407472 0.028703 0.026056
0 0.265141 0.395882 0.022250 0.022931
0 0.209668 0.403479 0.021930 0.028958
0 0.175484 0.395306 0.018063 0.018917
0 0.225230 0.385417 0.024992 0.024944
0 0.248289 0.915472 0.099406 0.163472
