0 0.276148 0.839910 0.082516 0.128153
0 0.434930 0.895361 0.101922 0.189833
0 0.597867 0.641431 0.070031 0.088750
0 0.381309 0.627354 0.050492 0.075486
0 0.239742 0.523257 0.040172 0.061653
0 0.308520 0.530965 0.043055 0.069875
0 0.345332 0.491493 0.040211 0.043958
0 0.295625 0.465743 0.041219 0.049292
0 0.859918 0.948403 0.116836 0.103194
0 0.861078 0.710653 0.100719 0.099472
0 0.830191 0.612771 0.072070 0.066042
0 0.634125 0.561840 0.050578 0.053319
0 0.662773 0.522847 0.051484 0.056500
0 0.562129 0.490389 0.043664 0.045111
0 0.506848 0.462632 0.039930 0.040125
0 0.567016 0.451188 0.041234 0.037819
0 0.424113 0.422896 0.035820 0.035181
0 0.336172 0.429215 0.026344 0.026014
0 0.341121 0.411250 0.026477 0.018833
0 0.252500 0.405000 0.027734 0.027500
0 0.190109 0.395208 0.019609 0.020278
0 0.233937 0.400833 0.019141 0.020972
